$ANSIBLE_VAULT;1.1;AES256
61643631376439663136373838316234353262316464353436643334656363663361636562646464
6164313536656466613463616231333930643638366435360a376165653137393437646362333538
33656432633531346131313839353963326436386134343130313866363839353035636665343437
3730393630336161360a346139336138653631613063323132323634306564383066383064326365
39653039666336376236643465383065666665633934353431656263376164663538393266613261
33383365393736363565326566383033363537353634383238343134333033316334316439356538
66656265373664653736393237626335643464316561613564313062656265646665393534623934
62396564646562393563373732623966326165666539316336643066363363643537303433366335
32313265356338656636633732623338646231373938373934623365326165663563373135323532
32356565316463376465663530623337646632316637336361346437643031633135353738623238
31396536643566333034323165623036366130393439393662656362356432626162616536316236
63316535663530373461336430333633306234636562343233343766643733613864336139393361
65383437383931626262383131633330396634633966363566366130353861623961356336373430
63333736313536656631323264383138613761313930343465373264346536313436303063383232
30313234373064623831343937653765666632646234313466366135323635376564666530383531
31666663366333376636323533373162343035623364646538353264383837333330376166636133
63386263303039353365626339346135653738643965303035626238653762633364353562623635
32613861323932336365323133346666376432353465333962373933353365636436616365333238
39326561393535383631393564346461363236653961353732666563313238343637646233363337
62373238643232383363346362323637636536323133303133393566396239613439323135613134
36333839343361343834363334643333323831616237303265643133333637663365383431393731
63373461636364393531363564613363343630326433663837663966636161313666383433646564
37346137313439336636373065666265393663623961626162663761623437336264666539636530
62343665383234313263646431393439363163353166616430303737393130366566363134363263
65353162366530353965366533616632626462346165623161613363363561666436396133356437
66366337303334323533663535643465343831633436343863343130356235646362396636333434
65393933306633633462313232323463656561626265383534643663626666336236313862653865
62316633366266316366306565333836366435626265353733616565663731353034343235313666
63396336666564373630663662633233656431626564316430303336383339653839326435386536
39363239383866613165343764376630653837666536353166643732666566376235616164336238
36323639623933313034313436616435323966373732633565616661336431653039373561396234
61346139393238303633626631336635363362396636326439386231343364346237366666653837
62373234656263656537346162383138306261306666396465386561666365396436363862343165
3637396265653361333031313133343138653834303536363534
