$ANSIBLE_VAULT;1.1;AES256
66643634383132363364333239303665663338363438653834636336643034663763653937663739
3164333064633965666430326138626430373534326564620a663634323235396664346535386139
61383331306135383562613039316336333434303238343432313538626232666536343537393733
3132373033323032610a376330333861303539626165363034643137623862316165323331396161
39333131643537353162336561643637656536363733666165626135303031613366316138363338
66353965636663303131633037396363333465383832626363376139353961653338363666626331
33383136376666326437613539373138306239356531313638383535383464346661326535636461
35343434343339636332373839643234396466343533366439306666663035373363633366623339
35326439343161336265376131386438633631326661323336326136396136646463393833346232
61623531623430356461646434336466353037313038646538333532653963393665396339303238
35303363356638656439363333653937333339326364353935333035393061383466333033356631
66386538663939336266363063643565386463376563663266366262363066646432656635346262
39393131343836373839363061396565666465343836346334393136333434396438363138616534
36336466303262313266333563316565383862386238386632626637626162663132623363356432
61633131343131663331313030313435633731303063316461366434383234653538366336376362
34666566666235336236306161366534656464363235643337393032316335303961626434316335
35636662346336666434653130613538323132333835303136663863633036666466376563373065
36656338663331653662373233343538393738306333306334643963626335626532323263346438
31643239643938656134633139396536333130313461376233633435363862386637366163396539
30643036353830366662393737303039366635343232653336383433306636353666373839656333
38393539653938333930333031366530313033646239663862663032373637643233656366363733
32343538366137303331363630313436643866363738636635386235626135353536653630323965
61323234303332363132656338636435333564383761343365666230613735353531616136333736
66386132313137323864373933653636386265666535383363633764653937373661326331343936
62326235643838633531643530393836653333323837633830393735663764333134356334353838
6566326661396430336333313835303561376534333636636365
