$ANSIBLE_VAULT;1.1;AES256
37663039323166643735373863323033663766383061623765613530383065393830303037353166
3734633837333336343663613937393538353531623634310a363133303131653233336265613266
36393632393839343636353965303039613261326663633639393132336437343331356330363433
3337396165333963360a626165653265316338313637383262643739613039343736616237666266
31386632663033353433313333643535326661623762623665393565613736333739376137353139
38653334646562356130363463333535653963316439386233613137653530356339636264323166
63613132373034353633323031323936643235623263356163396161396231353134386236623062
31356433663135646437386635636630613564363561653431623338333836656166373964353365
30663164663435323161656362326466353639363965323730323065633732366665336135636433
38643962313163366432343161396330643863336664373034646131653435633630663930316537
36666564626234366534376162636135346335656330383638333735346336613033376134306362
31333138356463616534383033326233346438396338386665363836313061636365333061323236
36653062363536626338666331306137663463396536656535663266313033343036303032663764
32376630386231376565386337326666373337613664396135316431303336353237663364376235
36346130363166363263663164363732366138623439356565366466623362363731323864396562
64626363346665643432646164356336656135336666333330653538323866316134623334633861
36386464636432633335613634633637623062356639303839663630373061666263393731326134
32386634663438353632646331336565393437616662653361396336616238366633613138333836
35383362396239663563376339383766343463613737363838323631346262333132393634363438
30363361646432333337663865623866373164643262663836326533313261616231373230633465
38333166336337343635336664336439626465633862366335336362373266353862626536633932
37656630623330633339363738653466653637383130363633393138623736383134396263353662
32666166396164393463313432313537316531383536633439333866313731666432356161363133
65316337666239623632346634376633316230306530396662653261333037613930633262363637
31363563616230366363323438393836373338666431633034346162396630376538643435393835
33303637626262653639326163613335353730363762643763346662383564316664373865653333
386136643732323966393236613935353761
